10.00 10.00
11.02 10.00
12.02 10.00
13.03 10.00
14.03 10.00
15.05 10.00
16.05 10.00
17.05 10.00
18.08 10.00
19.10 10.00
20.12 10.00
21.12 10.00
22.15 10.00
23.18 10.00
24.18 10.00
25.20 10.00
26.20 10.00
27.20 10.00
28.22 10.00
29.23 10.00
30.24 10.00
31.25 10.00
32.25 10.00
33.28 10.00
34.28 10.00
35.30 10.00
36.31 10.00
37.33 10.00
38.35 10.00
39.35 10.00
40.35 10.00
41.37 10.00
42.38 10.05
43.38 10.20
44.35 10.45
45.32 10.79
46.23 11.21
47.11 11.73
47.93 12.33
48.70 13.00
49.38 13.74
50.00 14.55
50.54 15.40
50.99 16.31
51.36 17.25
51.63 18.23
51.81 19.22
