440569.65959524 4423934.30912536
440569.19957124 4423934.02110457
440568.89081281 4423933.60558834
440568.76464826 4423933.07308053
440568.80773930 4423932.56957319
440569.00638505 4423932.10151859
440569.24406134 4423931.64226131
440569.59611859 4423931.28345266
440570.08666313 4423931.06601075
440570.60039857 4423930.93089627
440571.11261371 4423930.89833708
440571.62972636 4423930.98811470
440572.11453799 4423931.17445336
440572.60122048 4423931.32507318
440573.11144749 4423931.47014448
440573.54976090 4423931.72325959
440573.87042231 4423932.12996983
440574.09844388 4423932.61008773
440574.28782585 4423933.09137654
440574.41208260 4423933.58739956
440574.42314610 4423934.12609620
440574.33415531 4423934.65634200
440574.33197074 4423935.16282314
440574.36698492 4423935.68964119
440574.27100874 4423936.19668747
440574.00518780 4423936.65211271
440573.61506187 4423936.98672462
440573.10958193 4423937.18554270
440572.57119455 4423937.20974061
440572.04259821 4423937.16058518
440571.51362861 4423937.16759755
440571.00954457 4423937.20958359
440570.51337228 4423937.28219883
