39.96338357 116.30413764
39.96338423 116.30414396
39.96338467 116.30415010
39.96338511 116.30415608
39.96338541 116.30416212
39.96338620 116.30416816
39.96338809 116.30417376
39.96339016 116.30417899
39.96339259 116.30418433
39.96339590 116.30418860
39.96339949 116.30419254
39.96340331 116.30419582
39.96340741 116.30419862
39.96341206 116.30420024
39.96341683 116.30420103
39.96342153 116.30420184
39.96342605 116.30420202
39.96343067 116.30420247
39.96343521 116.30420205
39.96344005 116.30420172
39.96344465 116.30420160
39.96344940 116.30420140
39.96345426 116.30420139
39.96345885 116.30420164
39.96346366 116.30420171
39.96346816 116.30420208
39.96347277 116.30420260
39.96347740 116.30420280
39.96348190 116.30420221
39.96348666 116.30420057
39.96349096 116.30419870
39.96349538 116.30419684
39.96349976 116.30419543
39.96350394 116.30419274
39.96350739 116.30418847
39.96350945 116.30418320
39.96351113 116.30417741
39.96351217 116.30417141
39.96351214 116.30416520
39.96351180 116.30415932
39.96351159 116.30415334
39.96351112 116.30414706
39.96351022 116.30414110
39.96350916 116.30413527
39.96350833 116.30412933
39.96350762 116.30412320
39.96350663 116.30411717
39.96350428 116.30411181
39.96350070 116.30410751
39.96349701 116.30410392
39.96349278 116.30410119
39.96348833 116.30409933
39.96348380 116.30409951
39.96347901 116.30409983
39.96347445 116.30410030
39.96346969 116.30410138
39.96346516 116.30410218
39.96346048 116.30410264
39.96345582 116.30410318
39.96345129 116.30410328
39.96344677 116.30410346
39.96344219 116.30410371
39.96343739 116.30410373
39.96343285 116.30410380
39.96342822 116.30410376
39.96342366 116.30410357
39.96341883 116.30410352
39.96341413 116.30410332
39.96340935 116.30410308
39.96340451 116.30410270
39.96340001 116.30410225
39.96339524 116.30410212
39.96339070 116.30410286
39.96338614 116.30410481
39.96338221 116.30410838
39.96337940 116.30411346
39.96337823 116.30411915
39.96337825 116.30412507
39.96337887 116.30413100
39.96337916 116.30413705
