-0.64202981 5.58458772
-0.10451984 5.61116947
0.45477342 5.65426826
0.95996284 5.67071687
1.47310528 5.67350712
1.97475623 5.67486216
2.58207352 5.67560528
3.16568958 5.67697182
3.81804813 5.67768956
4.43656819 5.67803868
5.16516193 5.67830378
5.89216809 5.67856722
6.62891629 5.67870099
7.34897814 5.67811261
7.92516664 5.67832438
8.62239361 5.67894066
9.16040665 5.67894188
9.71126477 5.67927545
10.26280266 5.62348702
10.75058933 5.46120064
11.19189756 5.16248538
11.66472445 4.74965801
12.15290827 4.49747926
12.63242657 4.27109883
13.14211750 3.84875122
13.57948855 3.58288272
14.13536161 3.71373682
14.55157168 4.01173761
14.92937510 4.34649272
15.41560267 4.48736539
15.92612392 4.50234652
16.42874450 4.50924703
17.05754088 4.51326791
17.57548603 4.51428595
18.13231149 4.51496819
18.64524932 4.51558880
19.15609157 4.51578299
19.75676320 4.51620314
20.36135372 4.51539893
20.86395891 4.51502818
21.38646172 4.51426699
21.93369725 4.51405845
22.47395390 4.51389570
22.99918599 4.51372693
23.54427402 4.51366581
24.05972904 4.51364607
24.56408633 4.51363470
25.22752328 4.51364209
25.73871169 4.51364384
26.37623244 4.51272212
26.89297504 4.51228949
27.49855478 4.51213707
28.00702025 4.51196626
28.68491341 4.51170177
29.32855096 4.51165013
29.83961312 4.51165186
30.38715729 4.51912336
30.94901425 4.71684124
31.39886016 5.04584919
31.73845478 5.41477516
31.95971506 5.89475823
31.99667500 6.41126167
32.01372483 6.96553903
32.01911162 7.56402732
32.02335888 8.15176067
32.02661768 8.81227653
32.02975389 9.53226966
32.03214847 10.23338657
32.03224409 10.76873477
32.03278954 11.35736696
32.03422467 11.89717479
32.03511723 12.58060027
32.03551518 13.28929288
32.03584740 13.79929291
32.03517589 14.46237893
32.03524381 15.05532408
32.03679377 15.70196888
32.03792686 16.39717992
32.03796562 16.93130261
32.03854222 17.51572441
32.03918256 18.23493307
32.03976233 18.95493254
32.04036223 19.69993225
32.04094942 20.42993217
32.04152845 21.14993206
32.04193464 21.65493194
32.04251366 22.37493184
32.04309663 23.09993171
32.04369168 23.83993156
32.04427867 24.56993144
32.04468465 25.07493136
32.04526757 25.79993121
32.04552070 26.45792088
32.04552071 27.03753286
32.04602491 27.57356304
32.04682682 28.08111896
32.04692174 28.62665944
32.04696616 29.16076384
32.04713719 29.77790601
32.04712775 30.34413558
32.04704813 30.92725975
32.04704507 31.45057499
32.04708531 32.01659921
32.04705702 32.62963526
32.04755222 33.14185824
32.04612645 33.69283577
32.04557731 34.34468171
32.04536464 35.02633410
32.04519135 35.77133408
32.04501929 36.50133407
32.04485008 37.22133402
32.04473007 37.73133404
32.04461127 38.23633398
32.04444653 38.93633398
32.04432654 39.44633394
32.04415709 40.16633391
32.04403706 40.67633392
32.04386647 41.40133386
32.04369111 42.14633383
32.04352044 42.87133383
32.04340159 43.37633378
32.04323089 44.10133376
32.04311081 44.61133375
32.04295365 45.30633274
32.04278618 46.05133251
32.04262574 46.76633245
32.05035279 47.43770984
32.11820556 48.04965810
32.14705312 48.56611155
32.41159000 49.09170360
32.73355428 49.49919946
33.15549440 49.82033720
33.62417010 50.00835380
34.11186541 49.84145048
34.54959786 49.56556323
34.89560336 49.20317220
35.35285807 48.81918570
35.86334669 48.63731787
36.40314760 48.79688272
36.98198727 48.88954202
37.48965633 48.90890299
38.02604930 48.89979897
38.57174141 48.88140775
39.25449510 49.00250731
39.74905623 49.14295154
40.35794028 49.28611770
40.88448509 49.34382324
41.38312936 49.40348988
41.98849243 49.42152672
42.50710343 49.44611275
43.02095657 49.44614044
43.62756242 49.47490295
44.26572850 49.47973496
44.76961484 49.47973874
45.29083154 49.48401623
45.81780445 49.48626362
46.34246673 49.48662520
46.85289767 49.48657888
47.52744570 49.48647770
48.25724836 49.48657602
48.97224812 49.48662812
49.69224775 49.48668011
50.39054530 49.48671736
50.92099518 49.48671759
