39.96337910 116.30414899
39.96337945 116.30415488
39.96338014 116.30416079
39.96338087 116.30416660
39.96338153 116.30417263
39.96338221 116.30417856
39.96338307 116.30418458
39.96338483 116.30419031
39.96338607 116.30419603
39.96338765 116.30420186
39.96338848 116.30420783
39.96339045 116.30421327
39.96339123 116.30421909
39.96339195 116.30422520
39.96339342 116.30423079
39.96339427 116.30423664
39.96339519 116.30424247
39.96339599 116.30424841
39.96339675 116.30425430
39.96339732 116.30426012
39.96339798 116.30426628
39.96339868 116.30427237
39.96339946 116.30427850
39.96339991 116.30428434
39.96340020 116.30429040
39.96340098 116.30429618
39.96340182 116.30430200
39.96340229 116.30430787
39.96340282 116.30431374
39.96340348 116.30431972
39.96340388 116.30432581
39.96340557 116.30433139
39.96340575 116.30433766
39.96340598 116.30434413
39.96340646 116.30435063
39.96340687 116.30435670
39.96340772 116.30436259
39.96340880 116.30436905
39.96341099 116.30437489
39.96341161 116.30438123
39.96341044 116.30438722
39.96341263 116.30439261
39.96341511 116.30439757
39.96341595 116.30440354
39.96341686 116.30440997
39.96341746 116.30441632
39.96341835 116.30442226
39.96341847 116.30442880
39.96341976 116.30443535
39.96342050 116.30444186
39.96342095 116.30444806
39.96353583 116.30494495
39.96354080 116.30494479
39.96354569 116.30494484
39.96355044 116.30494400
39.96355491 116.30494255
39.96355938 116.30494093
39.96356422 116.30493943
39.96356895 116.30493801
39.96357380 116.30493666
39.96357827 116.30493553
39.96358315 116.30493443
39.96358773 116.30493319
39.96359231 116.30493151
39.96359663 116.30492923
39.96360106 116.30492661
39.96360530 116.30492432
39.96360954 116.30492196
39.96361396 116.30491954
39.96361865 116.30491717
39.96362294 116.30491524
39.96362727 116.30491338
39.96363163 116.30491129
39.96363627 116.30490931
39.96364079 116.30490743
39.96364531 116.30490567
39.96364965 116.30490400
39.96365414 116.30490248
39.96365880 116.30490070
39.96366348 116.30489916
39.96366802 116.30489767
39.96367245 116.30489632
39.96367695 116.30489501
39.96368154 116.30489372
39.96368618 116.30489202
39.96369062 116.30488989
39.96369492 116.30488711
39.96369931 116.30488427
39.96370380 116.30488148
39.96370796 116.30487861
39.96371179 116.30487542
39.96371526 116.30487162
39.96371853 116.30486744
39.96372160 116.30486291
39.96372448 116.30485772
39.96372705 116.30485229
39.96372913 116.30484653
39.96373068 116.30484042
39.96373211 116.30483433
39.96373351 116.30482811
39.96373509 116.30482210
39.96373659 116.30481616
39.96373812 116.30481021
39.96373955 116.30480462
39.96374038 116.30479878
39.96374082 116.30479225
39.96374109 116.30478579
39.96374135 116.30477933
39.96374171 116.30477297
39.96374198 116.30476657
39.96374202 116.30476022
39.96374199 116.30475387
39.96374196 116.30474746
39.96374191 116.30474118
39.96374158 116.30473472
39.96374091 116.30472844
39.96374034 116.30472254
39.96373972 116.30471605
39.96373925 116.30470988
39.96373877 116.30470372
39.96373842 116.30469745
39.96373800 116.30469160
39.96373766 116.30468514
39.96373711 116.30467883
39.96373681 116.30467229
39.96373613 116.30466585
39.96373542 116.30465966
39.96373486 116.30465382
39.96373422 116.30464750
39.96373368 116.30464110
39.96373314 116.30463483
39.96373292 116.30462897
39.96373239 116.30462312
39.96373166 116.30461669
39.96373065 116.30461043
39.96372976 116.30460409
39.96372911 116.30459762
39.96372834 116.30459112
39.96372741 116.30458484
39.96372694 116.30457836
39.96372642 116.30457200
39.96372578 116.30456565
39.96372505 116.30455925
39.96372420 116.30455309
39.96372328 116.30454681
39.96372234 116.30454049
39.96372159 116.30453419
39.96372081 116.30452799
39.96372014 116.30452184
39.96371947 116.30451574
39.96371894 116.30450933
39.96371831 116.30450296
39.96371752 116.30449659
39.96371677 116.30449035
39.96371634 116.30448386
39.96371559 116.30447734
39.96371507 116.30447145
39.96371446 116.30446552
39.96371394 116.30445898
39.96371340 116.30445242
39.96371295 116.30444657
39.96371275 116.30444057
39.96371225 116.30443453
39.96371168 116.30442844
39.96371099 116.30442259
39.96371039 116.30441669
39.96370950 116.30441081
39.96370843 116.30440442
39.96370736 116.30439846
39.96370649 116.30439239
39.96370562 116.30438659
39.96370478 116.30438064
39.96370380 116.30437491
39.96370283 116.30436917
39.96370169 116.30436324
39.96370084 116.30435744
39.96369966 116.30435113
39.96369886 116.30434528
39.96369828 116.30433916
39.96369723 116.30433316
39.96369660 116.30432694
39.96369584 116.30432105
39.96369508 116.30431503
39.96369387 116.30430913
39.96369284 116.30430332
39.96369165 116.30429743
39.96369045 116.30429173
39.96368938 116.30428576
39.96368845 116.30427966
39.96368751 116.30427366
39.96368654 116.30426761
39.96368558 116.30426145
39.96368474 116.30425539
39.96368405 116.30424946
39.96368301 116.30424350
39.96368152 116.30423763
39.96367988 116.30423188
39.96367760 116.30422653
39.96367507 116.30422122
39.96367203 116.30421627
39.96366867 116.30421151
39.96366519 116.30420723
39.96366165 116.30420327
39.96365828 116.30419916
39.96365460 116.30419510
39.96365079 116.30419103
39.96364717 116.30418748
39.96364353 116.30418396
39.96363953 116.30418041
39.96363517 116.30417746
39.96363058 116.30417503
39.96362573 116.30417372
39.96362084 116.30417324
39.96361592 116.30417328
39.96361123 116.30417285
39.96360655 116.30417250
39.96360182 116.30417202
39.96359731 116.30417138
39.96359227 116.30417076
39.96358720 116.30417026
39.96358228 116.30416969
39.96357725 116.30416911
39.96357229 116.30416854
39.96356777 116.30416792
39.96356324 116.30416714
39.96355876 116.30416632
39.96355396 116.30416541
39.96354930 116.30416437
39.96354428 116.30416331
39.96353964 116.30416230
39.96353507 116.30416118
39.96353008 116.30415994
39.96352529 116.30415877
39.96352057 116.30415737
39.96351613 116.30415605
39.96351163 116.30415503
39.96350702 116.30415436
39.96350251 116.30415392
39.96349795 116.30415327
39.96349338 116.30415263
39.96348889 116.30415197
39.96348403 116.30415095
39.96347894 116.30414995
39.96347425 116.30414923
39.96346968 116.30414824
39.96346523 116.30414714
39.96346069 116.30414620
39.96345580 116.30414482
39.96345135 116.30414375
39.96344690 116.30414267
39.96344239 116.30414185
39.96343737 116.30414215
39.96343279 116.30414269
39.96342808 116.30414321
39.96342326 116.30414369
39.96341862 116.30414407
39.96341410 116.30414476
39.96340957 116.30414594
39.96340526 116.30414775
39.96340096 116.30415066
39.96339743 116.30415446
39.96339453 116.30415965
39.96339328 116.30416611
39.96339321 116.30417247
39.96339380 116.30417848
39.96339453 116.30418475
39.96339502 116.30419070
