39.96289066 116.30496021
39.96289045 116.30495429
39.96289021 116.30494821
39.96289014 116.30494220
39.96288991 116.30493628
39.96288982 116.30493011
39.96288984 116.30492421
39.96288971 116.30491832
39.96288919 116.30491223
39.96288853 116.30490639
39.96288792 116.30490033
39.96288742 116.30489416
39.96288676 116.30488819
39.96288604 116.30488227
39.96288520 116.30487637
39.96288418 116.30487031
39.96288347 116.30486428
39.96288285 116.30485819
39.96288192 116.30485221
39.96288112 116.30484644
39.96288050 116.30484013
39.96287980 116.30483391
39.96287898 116.30482760
39.96287823 116.30482153
39.96287762 116.30481568
39.96287699 116.30480939
39.96287607 116.30480301
39.96287502 116.30479679
39.96287395 116.30479048
39.96287273 116.30478376
39.96287172 116.30477756
39.96287041 116.30477195
39.96286872 116.30476623
39.96286684 116.30476084
39.96286462 116.30475499
39.96286275 116.30474916
39.96286073 116.30474348
39.96285872 116.30473761
39.96285683 116.30473176
39.96285484 116.30472622
39.96285309 116.30472071
39.96285099 116.30471498
39.96284926 116.30470939
39.96284740 116.30470396
39.96284533 116.30469841
39.96284338 116.30469307
39.96284124 116.30468772
39.96283932 116.30468239
39.96283726 116.30467659
39.96283534 116.30467103
39.96283330 116.30466552
39.96283107 116.30465980
39.96282891 116.30465455
39.96282671 116.30464926
39.96282423 116.30464408
39.96282189 116.30463907
39.96281956 116.30463395
39.96281687 116.30462875
39.96281418 116.30462383
39.96281127 116.30461887
39.96280830 116.30461406
39.96280521 116.30460940
39.96280211 116.30460445
39.96279918 116.30459990
39.96279611 116.30459524
39.96279299 116.30459096
39.96278988 116.30458671
39.96278677 116.30458210
39.96278348 116.30457731
39.96278013 116.30457301
39.96277676 116.30456904
39.96277324 116.30456530
39.96276933 116.30456159
39.96276533 116.30455804
39.96276124 116.30455454
39.96275729 116.30455096
39.96275332 116.30454733
39.96274931 116.30454363
39.96274571 116.30454011
39.96274196 116.30453676
39.96273791 116.30453333
39.96273358 116.30453013
39.96272934 116.30452706
39.96272524 116.30452390
39.96272093 116.30452076
39.96271677 116.30451755
39.96271257 116.30451428
39.96270821 116.30451101
39.96270391 116.30450769
39.96269960 116.30450479
39.96269540 116.30450201
39.96269111 116.30449906
39.96268695 116.30449671
39.96268243 116.30449450
39.96267782 116.30449251
39.96267353 116.30449017
39.96266913 116.30448879
39.96266431 116.30448748
39.96265963 116.30448622
39.96265504 116.30448486
39.96265047 116.30448373
39.96264560 116.30448292
39.96264077 116.30448181
39.96263587 116.30448139
39.96263125 116.30448127
39.96262633 116.30448140
39.96262141 116.30448146
39.96261672 116.30448183
39.96261217 116.30448288
39.96260755 116.30448346
39.96260297 116.30448434
39.96259829 116.30448506
39.96259346 116.30448565
39.96258874 116.30448642
39.96258402 116.30448682
39.96257913 116.30448732
39.96257430 116.30448784
39.96256957 116.30448815
39.96256475 116.30448870
39.96256000 116.30448989
39.96255529 116.30449127
39.96255076 116.30449189
39.96254595 116.30449281
39.96254119 116.30449389
39.96253615 116.30449440
39.96253162 116.30449598
39.96252699 116.30449593
39.96252213 116.30449733
39.96251769 116.30449847
39.96251291 116.30450063
39.96250816 116.30450161
39.96250343 116.30450269
39.96249912 116.30450443
39.96249445 116.30450527
39.96248968 116.30450620
39.96248504 116.30450811
39.96248030 116.30451024
39.96247580 116.30451291
39.96247162 116.30451591
39.96246789 116.30452027
39.96246411 116.30452395
39.96246057 116.30452763
39.96245663 116.30453148
39.96245313 116.30453586
39.96245025 116.30454043
39.96244780 116.30454536
39.96244513 116.30455133
39.96244344 116.30455713
39.96244218 116.30456321
39.96244063 116.30456943
39.96243883 116.30457555
39.96243744 116.30458166
39.96243637 116.30458804
39.96243599 116.30459449
39.96243605 116.30460093
39.96243641 116.30460736
39.96243647 116.30461332
39.96243700 116.30461991
39.96243754 116.30462576
39.96243843 116.30463179
39.96243919 116.30463814
39.96244086 116.30464395
39.96244237 116.30464975
39.96244316 116.30465615
39.96244440 116.30466215
39.96244579 116.30466805
39.96244629 116.30467400
39.96244738 116.30468020
39.96244861 116.30468600
39.96244969 116.30469236
39.96245074 116.30469846
39.96245197 116.30470460
39.96245316 116.30471037
39.96245486 116.30471631
39.96245652 116.30472244
39.96245760 116.30472818
39.96245951 116.30473401
39.96246088 116.30474023
39.96246234 116.30474647
39.96246372 116.30475281
39.96246510 116.30475897
39.96246635 116.30476525
39.96246793 116.30477122
39.96246951 116.30477749
39.96247097 116.30478365
39.96247258 116.30478971
39.96247416 116.30479565
39.96247568 116.30480156
39.96247699 116.30480787
39.96247858 116.30481348
39.96248044 116.30481885
39.96248275 116.30482471
39.96248484 116.30483065
39.96248682 116.30483594
39.96248819 116.30484162
39.96248998 116.30484702
39.96249191 116.30485232
39.96249340 116.30485794
39.96249526 116.30486330
39.96249675 116.30486952
39.96249902 116.30487510
39.96250066 116.30488135
39.96250264 116.30488743
39.96250413 116.30489300
39.96250611 116.30489886
39.96250826 116.30490457
39.96251012 116.30491061
39.96251230 116.30491667
39.96251453 116.30492259
39.96251639 116.30492867
39.96251819 116.30493474
39.96251999 116.30494065
39.96252165 116.30494693
39.96252333 116.30495303
39.96252506 116.30495849
39.96252742 116.30496422
39.96252976 116.30497010
39.96253189 116.30497579
39.96253443 116.30498144
39.96253679 116.30498648
39.96253961 116.30499107
39.96254268 116.30499627
39.96254603 116.30500102
39.96254950 116.30500569
39.96255280 116.30501058
39.96255627 116.30501534
39.96255950 116.30502044
39.96256292 116.30502546
39.96256610 116.30503067
39.96256917 116.30503582
39.96257240 116.30504083
39.96257524 116.30504539
39.96257873 116.30504954
39.96258220 116.30505335
39.96258596 116.30505661
39.96259043 116.30505975
39.96259435 116.30506278
39.96259829 116.30506585
39.96260223 116.30506903
39.96260609 116.30507213
39.96261041 116.30507541
39.96261483 116.30507852
39.96261947 116.30508132
39.96262418 116.30508420
39.96262871 116.30508722
39.96263278 116.30508992
39.96263687 116.30509244
39.96264124 116.30509451
39.96264568 116.30509599
39.96265082 116.30509700
39.96265595 116.30509747
39.96266101 116.30509797
39.96266557 116.30509841
39.96267013 116.30509879
39.96267485 116.30509894
39.96267976 116.30509867
39.96268478 116.30509833
39.96268976 116.30509803
39.96269482 116.30509792
39.96269992 116.30509746
39.96270442 116.30509656
39.96270919 116.30509547
39.96271421 116.30509435
39.96271903 116.30509322
39.96272399 116.30509167
39.96272880 116.30508987
39.96273367 116.30508823
39.96273869 116.30508646
39.96274358 116.30508503
39.96274797 116.30508355
39.96275286 116.30508216
39.96275775 116.30508091
39.96276221 116.30507976
39.96276712 116.30507862
39.96277192 116.30507745
39.96277684 116.30507653
39.96278181 116.30507547
39.96278680 116.30507456
39.96279163 116.30507341
39.96279652 116.30507207
39.96280123 116.30507076
39.96280611 116.30506945
39.96281101 116.30506809
39.96281585 116.30506621
39.96282055 116.30506386
39.96282534 116.30506142
39.96283015 116.30505912
39.96283448 116.30505693
39.96283859 116.30505448
39.96284307 116.30505127
39.96284721 116.30504802
39.96285113 116.30504492
39.96285507 116.30504202
39.96285903 116.30503896
39.96286271 116.30503522
39.96286595 116.30503113
39.96286898 116.30502666
39.96287209 116.30502201
39.96287498 116.30501730
39.96287778 116.30501253
39.96288006 116.30500731
39.96288230 116.30500204
39.96288464 116.30499655
39.96288645 116.30499074
39.96288762 116.30498487
39.96288767 116.30497888
39.96288788 116.30497292
39.96288823 116.30496667
39.96288875 116.30496003
39.96288923 116.30495410
