39.96336529 116.30399638
39.96336609 116.30400272
39.96336653 116.30400874
39.96336718 116.30401469
39.96336765 116.30402054
39.96336807 116.30402664
39.96336841 116.30403262
39.96336896 116.30403877
39.96336942 116.30404480
39.96336997 116.30405091
39.96337034 116.30405683
39.96337057 116.30406304
39.96337121 116.30406894
39.96337203 116.30407488
39.96337283 116.30408102
39.96337387 116.30408711
39.96337440 116.30409304
39.96337512 116.30409955
39.96337594 116.30410601
39.96337701 116.30411190
39.96337770 116.30411772
39.96337858 116.30412389
39.96337948 116.30412992
39.96338015 116.30413611
39.96338112 116.30414211
39.96338185 116.30414810
39.96338252 116.30415397
39.96338308 116.30416036
39.96338385 116.30416667
39.96338464 116.30417315
39.96338586 116.30417919
39.96338663 116.30418518
39.96338714 116.30419164
39.96338802 116.30419783
39.96338894 116.30420402
39.96338940 116.30420988
39.96339048 116.30421557
39.96339076 116.30422153
39.96339104 116.30422782
39.96339182 116.30423375
39.96339234 116.30423959
39.96339284 116.30424542
39.96339383 116.30425162
39.96339438 116.30425794
39.96339503 116.30426441
39.96339563 116.30427070
39.96339654 116.30427682
39.96339722 116.30428320
39.96339791 116.30428938
39.96339845 116.30429560
39.96339915 116.30430161
39.96339977 116.30430771
39.96340041 116.30431396
39.96340154 116.30431983
39.96340238 116.30432580
39.96340311 116.30433223
39.96340369 116.30433835
39.96340399 116.30434429
39.96340494 116.30435055
39.96340550 116.30435673
39.96340586 116.30436281
39.96340701 116.30436906
39.96340721 116.30437509
39.96340840 116.30438077
39.96340949 116.30438714
39.96340983 116.30439324
39.96340994 116.30439942
39.96341181 116.30440541
39.96341248 116.30441208
39.96341284 116.30441815
39.96341508 116.30442423
39.96338394 116.30406202
