440572.01025726 4423948.89078085
440571.96867862 4423948.34912181
440571.92972553 4423947.77541945
440571.87360197 4423947.18311092
440571.86020544 4423946.62456388
440571.82911032 4423946.07277777
440571.82308785 4423945.50695835
440571.78437778 4423944.92973917
440571.74849528 4423944.41754260
440571.73040919 4423943.88557910
440571.73451019 4423943.36931520
440571.77581449 4423942.85755248
440571.78648677 4423942.34242129
440571.78402738 4423941.78809934
440571.81267266 4423941.26853604
440571.83633551 4423940.73983579
440571.86231146 4423940.23392753
440571.87426649 4423939.70074921
440571.88894318 4423939.16791965
440571.90633031 4423938.61027946
440571.93621167 4423938.07398286
440571.98495234 4423937.51913202
440572.04997168 4423936.99995095
440572.07707958 4423936.47126084
440572.11561113 4423935.90879380
440572.13122715 4423935.36498664
440572.13517652 4423934.84387702
440572.15319121 4423934.31375937
440572.19583513 4423933.78393059
440572.15859262 4423933.27257711
440572.15676133 4423932.76956822
440572.17912017 4423932.24158114
