39.96338366 116.30426511
39.96338816 116.30426627
39.96339270 116.30426703
39.96339737 116.30426720
39.96340189 116.30426678
39.96340663 116.30426644
39.96341120 116.30426626
39.96341571 116.30426559
39.96342027 116.30426484
39.96342492 116.30426360
39.96342949 116.30426247
39.96343405 116.30426133
39.96343863 116.30426032
39.96344318 116.30425904
39.96344759 116.30425758
39.96345208 116.30425600
39.96345642 116.30425343
39.96346064 116.30425111
39.96346486 116.30424842
39.96346884 116.30424536
39.96347250 116.30424183
39.96347606 116.30423801
39.96347908 116.30423331
39.96348176 116.30422848
39.96348404 116.30422311
39.96348578 116.30421743
39.96348695 116.30421171
39.96348759 116.30420575
39.96348765 116.30419985
39.96348763 116.30419394
39.96348693 116.30418781
39.96348558 116.30418183
39.96348375 116.30417644
39.96348106 116.30417146
39.96347788 116.30416694
39.96347433 116.30416298
39.96347058 116.30415967
39.96346620 116.30415717
39.96346175 116.30415513
39.96345726 116.30415418
39.96345256 116.30415394
39.96344803 116.30415441
39.96344339 116.30415576
39.96343916 116.30415792
39.96343511 116.30416081
39.96343124 116.30416438
39.96342793 116.30416861
39.96342520 116.30417337
39.96342238 116.30417808
39.96341964 116.30418285
39.96341683 116.30418782
39.96341439 116.30419313
39.96341206 116.30419856
39.96340996 116.30420383
39.96340857 116.30420981
39.96340765 116.30421567
39.96340716 116.30422166
39.96340694 116.30422775
