0.51236516 -0.00497680
1.09823568 -0.00838100
1.60013785 -0.01110671
2.29685033 -0.01511271
2.79800464 -0.01856864
3.47357061 -0.02251446
4.04522161 -0.02601167
4.71029127 -0.03017687
5.32702219 -0.03401182
5.98376735 -0.03793242
6.63374213 -0.04178062
7.20042631 -0.04502760
7.90046356 -0.04919018
8.56718720 -0.05324687
9.46217915 -0.05806478
10.03438673 -0.06257188
10.56556882 -0.05771801
11.11925134 -0.05510960
11.79329319 -0.04785313
12.54886287 -0.04859927
13.06973912 -0.04487558
13.72577093 -0.04178750
14.26630451 -0.04097307
14.97628132 -0.03650657
15.50728245 -0.03252547
16.14676603 -0.02936871
16.66942681 -0.02856433
17.40119478 -0.02683315
18.05119428 -0.02495720
18.60143651 -0.02235166
19.23899364 -0.02021886
19.89319667 -0.01833691
20.48269291 -0.01633323
21.00024214 -0.01480736
21.66808753 0.00750402
22.23013429 0.01978229
22.90989293 0.03634863
23.61663786 0.05315313
24.20395470 0.06407178
24.72487068 0.07474560
25.41493924 0.08789827
25.95101053 0.09813649
26.67216891 0.11116353
27.60769782 0.12762527
28.18455155 0.13724465
28.91568654 0.14916197
29.42048914 0.15819226
30.01236782 0.16705470
30.64140158 0.17689470
31.18790747 0.18413702
31.79739625 0.19286806
32.37065131 0.20068922
33.03832915 0.20979602
33.55914814 0.21651577
34.21930878 0.22394767
34.74168233 0.23079282
35.51288930 0.23958730
36.21261368 0.24830033
36.91944764 0.25543673
37.61062582 0.26226816
38.29150121 0.28010342
38.86331888 0.29048056
39.49922835 0.30244294
40.03147684 0.31189846
40.65515869 0.32324872
41.16917360 0.32707690
41.82181834 0.35510630
42.52169915 0.38309813
43.20614734 0.41009819
43.89728455 0.43877356
44.42880688 0.46022502
45.07084052 0.48694081
45.76167585 0.51488160
46.36346201 0.53775162
47.06294282 0.56390044
47.58480776 0.58395319
48.19561156 0.60705269
48.79923111 0.63074701
49.38647588 0.65259144
50.08943681 0.67776723
50.61771167 0.69695306
51.29892188 0.72298431
51.81382845 0.74215464
52.49342701 0.76756011
53.18360752 0.79287691
53.85563051 0.81515032
54.36105125 0.83295582
55.05017460 0.85851749
55.55606436 0.87459588
56.22057667 0.89800918
56.81055284 0.91883113
57.54101805 0.94315152
58.06416074 0.95940028
58.69140572 0.97950432
59.24452477 0.99269431
59.81633913 1.00567103
60.44040359 1.02020624
61.05700117 1.03339980
61.62879836 1.04286472
62.28871652 1.05611289
62.78988536 1.06696620
63.48977243 1.07983002
64.09536537 1.02270586
64.61758234 0.79291554
65.15027465 0.40812124
65.46780111 -0.08516522
65.67054109 -0.71270987
65.72280821 -1.22325397
65.59694732 -1.86264496
65.15137917 -2.50699928
64.62888998 -2.85762564
63.94157207 -3.01970958
63.34167509 -2.95120964
62.85556063 -2.71247579
62.41299784 -2.27654062
62.13568835 -1.81424793
62.02440867 -1.23592447
62.12548110 -0.62175334
