0.52122493 -0.00104284
1.05382749 -0.00283884
1.85440397 -0.00482265
2.40445723 -0.01802466
2.93092847 -0.02521166
3.54748498 -0.03316449
4.13568281 -0.04078001
4.72260008 -0.05002106
5.31543107 -0.05844948
6.19035682 -0.06939192
6.80206413 -0.07720849
7.31202557 -0.09870739
7.93990648 -0.10539329
8.51976870 -0.11580382
9.08193998 -0.12585421
9.74187628 -0.13481981
10.27358147 -0.14218269
10.93351387 -0.15107840
11.55411688 -0.15931579
12.34724693 -0.17019305
13.00718444 -0.17926122
13.55402339 -0.18669160
14.37380638 -0.19812443
15.02374687 -0.20690806
15.62545984 -0.21505368
16.23242786 -0.22451671
16.87448213 -0.23539552
17.45237975 -0.24623604
18.01340455 -0.25655372
18.66332863 -0.26644458
19.17544811 -0.27461724
19.82094461 -0.47076007
20.30362319 -0.80346979
20.86281750 -1.20534777
21.44681062 -1.34901575
22.19693248 -1.36887001
22.81136402 -1.17493614
23.38015316 -0.72343773
23.66995470 -0.17131068
23.80164833 0.47343421
23.61164563 1.09634192
23.29127051 1.65031743
22.82930365 2.05320126
22.28012653 2.47306352
21.94416103 3.00481350
21.80648257 3.60845313
21.86262075 4.13496528
22.00762317 4.61714823
22.39040294 5.13181822
22.84980372 5.44508258
23.50398007 5.58208380
24.12813352 5.50776115
24.70409788 5.22399715
25.11865772 4.75590630
25.47447635 4.13544458
26.14990327 3.53486152
26.78217900 3.33414547
27.46786355 3.33119991
28.04730399 3.11806774
28.53206995 2.73093979
28.81352776 2.30579882
29.03046977 1.67561997
29.04398349 1.14957133
28.73294545 0.36255296
