0.53075922 -0.00172994
1.03547341 -0.00316282
1.53747163 -0.00453846
2.08217480 -0.00524490
2.58335364 -0.00633861
3.13421109 -0.00746976
3.68278422 -0.00905127
4.19292975 -0.01064210
4.72487480 -0.01333557
5.24202212 -0.01428773
5.76478495 -0.01682188
6.27763822 -0.01913482
6.77775377 -0.02090542
7.31261382 -0.02300138
7.82210687 -0.02559576
8.32212949 -0.02949427
8.87274354 -0.03389257
9.38682233 -0.03834174
9.91536972 -0.04308906
10.41591834 -0.04794366
10.92275082 -0.05300716
11.46929434 -0.05886346
12.00989110 -0.06509154
12.51971422 -0.07109674
13.06067764 -0.07739534
13.56464356 -0.08326319
14.06760955 -0.08911939
14.61287906 -0.09416270
15.11585163 -0.09942714
15.65682214 -0.10508933
16.16079464 -0.11036423
16.67476506 -0.11607922
17.19830597 -0.12205766
17.70227420 -0.12772623
18.21061390 -0.13439586
18.75058890 -0.13960984
19.25456545 -0.14447599
19.75754211 -0.14933252
20.29851694 -0.15455586
20.80544055 -0.15963359
21.35412889 -0.16534741
21.89409955 -0.17099170
22.39807207 -0.17625956
22.90104471 -0.18151699
23.44587212 -0.18740165
23.94984331 -0.19280061
24.49081232 -0.19859591
24.99478351 -0.20399488
25.49775471 -0.20938314
26.03872377 -0.21517847
26.54269492 -0.22057746
27.04566616 -0.22596574
27.59049283 -0.23191468
28.09246274 -0.23742288
28.63443019 -0.24336995
29.13839994 -0.24890006
29.67836751 -0.25482521
30.18233725 -0.26035532
30.68630699 -0.26588548
31.23013107 -0.27206823
31.73409936 -0.27772949
32.27406536 -0.28379510
32.77803367 -0.28945637
33.28200193 -0.29511762
33.82196797 -0.30118329
34.32593623 -0.30684455
34.82990454 -0.31250586
35.36987053 -0.31857152
35.87383885 -0.32423285
36.37780710 -0.32989415
36.91777315 -0.33595988
37.42174140 -0.34162121
37.96556420 -0.34791827
38.46953096 -0.35371070
38.97349778 -0.35950317
39.51831945 -0.36590270
40.02514217 -0.37198606
40.56296112 -0.37857077
41.11077645 -0.38549564
41.62210777 -0.39277956
42.16593323 -0.39884027
42.71029475 -0.40654813
43.21810905 -0.41330321
43.76191947 -0.42058647
44.30954837 -0.42927488
44.81732965 -0.43817249
45.36057077 -0.44881947
45.90432212 -0.45959224
46.41093615 -0.46986064
46.96097087 -0.48264512
47.51062611 -0.49522118
48.05928397 -0.50808686
48.60793418 -0.52127387
49.14778052 -0.53415987
49.65163706 -0.54618681
50.15734980 -0.55835799
50.70304774 -0.57162466
51.20489862 -0.58386520
51.75059186 -0.59732585
52.25429632 -0.60987914
52.80368951 -0.62402635
53.33779507 -0.63959495
53.84160321 -0.65350446
54.34541133 -0.66741392
54.84921947 -0.68132340
55.38901387 -0.69622635
55.89282202 -0.71013579
56.39663013 -0.72404517
56.93642458 -0.73894809
57.44023268 -0.75285741
57.94404084 -0.76676676
58.48383524 -0.78166955
58.98764340 -0.79557884
59.50380034 -0.80036215
60.02328766 -0.92082392
60.42326404 -1.26468275
60.61838949 -1.74019792
60.62582645 -2.25494510
60.66628648 -2.78304928
60.70322193 -3.28569407
60.74015777 -3.78833893
60.79038239 -4.31070872
60.84577072 -4.80817732
60.95412124 -5.34284640
61.20941836 -5.77558482
61.47788584 -6.21603738
61.60150158 -6.73292292
61.71773704 -7.26766556
61.82586917 -7.75876096
61.94241166 -8.28808314
62.05078329 -8.78029420
62.15872485 -9.27055200
62.27548236 -9.80085081
62.38385394 -10.29306183
62.49996636 -10.82043082
62.60833792 -11.31264185
62.71670950 -11.80485290
62.83282187 -12.33222187
62.94119343 -12.82443292
63.04858551 -13.31808455
63.16362494 -13.84568845
63.27099514 -14.33811892
63.37836534 -14.83054939
63.49340485 -15.35815347
63.60077508 -15.85058392
63.70814532 -16.34301439
63.81591660 -16.84222212
63.92951634 -17.36048526
64.03751084 -17.85277917
64.14507675 -18.34311955
64.26121368 -18.87253086
64.36920813 -19.36482480
64.47677405 -19.85516516
64.59291093 -20.38457650
64.70090539 -20.87687041
64.80847127 -21.36721081
64.92460814 -21.89662211
65.03260255 -22.38891607
65.14038269 -22.88023320
65.25630525 -23.40866779
65.36429964 -23.90096170
65.47207974 -24.39227889
65.58804480 -24.92251209
65.69589781 -25.41483706
65.81145459 -25.94232804
65.91586496 -26.43699720
65.94395917 -26.96262605
65.93245123 -27.46649469
65.92094381 -27.97036344
65.90943641 -28.47423224
65.89710709 -29.01409162
65.88559975 -29.51796040
65.87409243 -30.02182916
65.86176319 -30.56168857
65.85025592 -31.06555733
65.83874868 -31.56942611
65.82641951 -32.10928550
65.81491231 -32.61315427
65.80340512 -33.11702304
65.79107602 -33.65688243
65.77956887 -34.16075120
65.76806174 -34.66461997
65.75573268 -35.20447937
65.74422558 -35.70834812
65.73271849 -36.21221690
65.72038948 -36.75207627
65.70888241 -37.25594506
65.69618640 -37.75890671
65.68455216 -38.29878442
65.67369605 -38.80266759
65.66283993 -39.30655081
65.65120843 -39.84642563
65.64035235 -40.35030885
65.62949631 -40.85419202
65.61786484 -41.39406690
65.60700883 -41.89795007
65.59615282 -42.40183329
65.58533992 -42.90371692
65.57366543 -43.44559133
65.56280948 -43.94947450
65.55117810 -44.48934937
65.54032217 -44.99323254
65.52946624 -45.49711576
65.51660315 -46.04824013
65.50562086 -46.59012903
65.49540859 -47.09402565
65.48523684 -47.59592271
65.47425458 -48.13781153
65.46404230 -48.64170817
65.45387051 -49.14360520
65.44288824 -49.68549405
65.43267591 -50.18939067
65.42250413 -50.69128772
65.41152180 -51.23317655
65.40130948 -51.73707318
65.39113763 -52.23897022
65.38015531 -52.78085905
65.36994292 -53.28475568
65.35977108 -53.78665271
65.34878869 -54.32854156
65.33857631 -54.83243817
65.32685173 -55.38097988
65.31626379 -55.88386857
65.30344242 -56.42396147
65.29169900 -56.92568296
65.27996295 -57.42954643
65.26738863 -57.96940010
65.25546343 -58.47711928
65.24274867 -59.01696970
65.23088169 -59.52083011
65.21901473 -60.02469045
65.20560723 -60.57175383
65.19432061 -61.07555251
65.18197557 -61.61525675
65.19357342 -61.10681340
65.20318109 -60.60590195
65.19141821 -61.11490668
65.18008922 -61.61877946
65.16878270 -62.12165245
65.15680183 -62.65451791
65.12291807 -63.15400547
64.92583382 -63.61723371
64.62157093 -64.02553639
64.18831371 -64.29147939
63.64373524 -64.33701747
63.14514070 -64.28942153
62.60558933 -64.23795950
62.10386625 -64.19010553
61.60413418 -64.14244152
61.06458276 -64.09097960
60.56285971 -64.04312577
60.06312757 -63.99546186
59.52357619 -63.94400008
59.02185308 -63.89614633
58.52212098 -63.84848254
57.98256953 -63.79702084
57.48084646 -63.74916720
56.98111430 -63.70150346
56.47516016 -63.64096461
56.00141758 -63.42906933
55.62540556 -63.05884811
55.27611630 -62.69412601
54.90261885 -62.30412626
54.55402122 -61.94012649
54.20542360 -61.57612673
53.83192613 -61.18612698
53.48332852 -60.82212721
53.13473088 -60.45812746
52.76123343 -60.06812770
52.41263580 -59.70412795
52.06403817 -59.34012818
51.69054071 -58.95012845
51.34194309 -58.58612867
50.99334546 -58.22212893
50.61984800 -57.83212917
50.27125037 -57.46812944
49.92265274 -57.10412966
49.54915528 -56.71412995
49.20055765 -56.35013017
48.85196003 -55.98613044
48.47846255 -55.59613068
48.12986494 -55.23213095
47.78129161 -54.86753219
47.40467109 -54.47518050
47.05561227 -54.11162297
46.68162070 -53.72209711
46.33256190 -53.35853957
45.98350312 -52.99498208
45.60617294 -52.60182054
45.25722665 -52.23815504
44.88335559 -51.84851343
44.53258005 -51.48192960
44.15810876 -51.09286479
43.80606459 -50.72682640
43.42841956 -50.33396743
43.07651809 -49.96778920
42.69907636 -49.57483963
42.35066182 -49.21204984
41.97592555 -48.82185264
41.62423628 -48.45547080
41.25029545 -48.06589617
40.87118502 -47.67046120
40.52237156 -47.30666828
40.17355811 -46.94287534
39.79982942 -46.55309724
39.45101598 -46.18930429
39.10220256 -45.82551138
38.72847388 -45.43573321
38.37966047 -45.07194029
38.03084705 -44.70814731
37.65711842 -44.31836918
37.30830501 -43.95457618
36.95949163 -43.59078325
36.59129972 -43.20677951
36.23694964 -42.83721207
35.88813626 -42.47341904
35.51440768 -42.08364086
35.16559432 -41.71984782
34.81678100 -41.35605483
34.46935184 -40.99370540
34.09423911 -40.60248356
33.74542579 -40.23869049
33.39938086 -39.87778471
33.02288397 -39.48511916
32.67407070 -39.12132611
32.32664160 -38.75897664
31.95152894 -38.36775472
31.60271568 -38.00396160
31.25528664 -37.64161212
30.87941982 -37.25080228
30.42900323 -36.98888364
29.89630975 -36.93125541
29.35880514 -36.91175226
28.85513418 -36.89354253
28.35146319 -36.87533283
27.81181573 -36.85582248
27.30814474 -36.83761284
26.80447377 -36.81940325
26.26482627 -36.79989299
25.76115531 -36.78168346
25.25748430 -36.76347394
24.71783683 -36.74396379
24.19004576 -36.71625919
23.68787931 -36.53703922
23.32780087 -36.16581854
23.07015052 -35.72475643
22.73103146 -35.29089504
22.42058917 -34.89385386
22.08797242 -34.46845261
21.77753012 -34.07141143
21.46708783 -33.67437026
21.13447110 -33.24896899
20.82402882 -32.85192782
20.51358654 -32.45488662
20.18096983 -32.02948536
19.87052756 -31.63244415
19.56008531 -31.23540297
19.22746861 -30.81000165
18.91702637 -30.41296047
18.60658413 -30.01591923
18.27396746 -29.59051795
17.96352524 -29.19347669
17.65308303 -28.79643549
17.32046638 -28.37103413
17.00794271 -27.97007078
16.67467183 -27.54518173
16.36361899 -27.14861872
16.05256615 -26.75205565
15.71929524 -26.32716672
15.40594957 -25.92749748
15.07279082 -25.50252056
14.76184264 -25.10587543
14.45089449 -24.70923033
14.11773575 -24.28425339
13.80678761 -23.88760828
13.49583947 -23.49096312
13.18612527 -23.09589199
12.85173264 -22.66934104
12.54078453 -22.27269590
12.23107035 -21.87762471
11.89667776 -21.45107377
11.58572967 -21.05442859
11.27601551 -20.65935740
10.94162295 -20.23280643
10.63067490 -19.83616123
10.29751628 -19.41118423
9.98656824 -19.01453901
9.67562022 -18.61789380
9.34246163 -18.19291675
9.03151363 -17.79627153
8.72056564 -17.39962627
8.38740710 -16.97464923
8.07415645 -16.57490553
7.76454683 -16.17975239
7.43026700 -15.75311303
7.11942378 -15.35638570
6.78414740 -14.92816534
6.47340892 -14.53135597
6.16390351 -14.13612118
5.82973634 -13.70939363
5.51899787 -13.31258419
5.20949250 -12.91734944
4.87532534 -12.49062182
4.56458690 -12.09381242
4.25508154 -11.69857760
3.91866522 -11.26870975
3.58129410 -10.83722861
3.24645947 -10.40866295
2.93383243 -10.00843233
2.59921457 -9.57969646
2.26470867 -9.15087400
1.95245063 -8.75035442
1.63638286 -8.34473501
1.30613626 -7.92056588
0.99240669 -7.51720160
0.66344331 -7.09356637
0.32766936 -6.66084026
0.04684831 -6.21867326
-0.05134123 -5.69745475
-0.10171069 -5.15096242
-0.14198753 -4.60893403
-0.08951404 -4.10939201
-0.02452752 -3.56502572
0.03374574 -3.06440577
0.09618134 -2.52802723
0.15399207 -2.03138046
0.21272775 -1.52678731
0.27516333 -0.99040880
