0.50744224 -0.00033435
1.06738314 -0.00081936
1.60524213 -0.00140736
2.12010086 -0.00210333
2.66810055 -0.00278830
3.21410017 -0.00347074
3.71809989 -0.00410074
4.25595845 -0.00490476
4.81481685 -0.00588303
5.35367471 -0.00704671
5.91362288 -0.00841797
6.45962150 -0.00967801
6.96462025 -0.01084342
7.50247760 -0.01225545
8.00647603 -0.01354962
8.51047444 -0.01484383
9.05647273 -0.01624586
9.60827014 -0.01799410
10.14617951 -0.01981731
10.65017678 -0.02150678
11.20803223 -0.02355035
11.74688731 -0.02566759
12.25088358 -0.02761917
12.75487992 -0.02957079
13.29273428 -0.03184973
13.85258799 -0.03436250
14.39144117 -0.03692589
14.90024202 -0.03961907
15.43909331 -0.04253382
15.99894298 -0.04578383
16.54965019 -0.04926206
17.09563970 -0.05266424
17.59863001 -0.05579852
18.13847870 -0.05925572
18.64246762 -0.06252728
19.17520648 -0.06664624
19.67774256 -0.06982330
20.19459369 -0.07272821
20.73544365 -0.07589718
21.24323248 -0.07915058
21.77501962 -0.08283123
22.29233652 -0.08815972
22.83831618 -0.09289127
23.34029741 -0.09724145
23.87250893 -0.10301835
24.38121113 -0.10699931
24.92605157 -0.11144842
25.43591926 -0.11566783
25.98404780 -0.12139209
26.51573307 -0.12717951
27.02441779 -0.13299751
27.58123945 -0.13946094
28.11300726 -0.14598247
28.62220376 -0.15275416
29.12988837 -0.15858547
29.66971009 -0.16493653
30.22752902 -0.17164042
30.76817455 -0.18003124
31.27608452 -0.18637866
31.81390130 -0.19313405
32.32266451 -0.19986702
32.86047459 -0.20712880
33.36944471 -0.23829470
33.87967001 -0.41269313
34.25660157 -0.75173299
34.47509157 -1.20928548
34.50111694 -1.76541496
34.48763944 -2.26923492
34.47342987 -2.79749802
34.52031383 -3.33835659
34.55299134 -3.87147852
34.58458088 -4.39011324
34.61787063 -4.93509757
34.62697503 -5.45057395
34.63107764 -5.98941740
34.63497974 -6.49340241
34.63896919 -7.03224696
34.64272600 -7.54709268
34.64629297 -8.07879852
34.64845959 -8.58908132
34.65053375 -9.09579466
34.65279666 -9.64379016
34.65478506 -10.19350469
34.65662377 -10.73236084
34.65802688 -11.24116748
34.65784491 -11.79136480
34.65793392 -12.32308085
34.65786730 -12.83993995
34.65753154 -13.38865802
34.65746500 -13.91747995
34.65562699 -14.42260132
34.65332420 -14.98137924
34.65132636 -15.48537539
34.64906289 -16.02322984
34.64642399 -16.53351512
34.64304891 -17.07184309
34.64024918 -17.63069532
34.63663277 -18.15864079
34.63174115 -18.66907222
34.62628515 -19.22790476
34.62102003 -19.77387952
34.61384296 -20.30529896
34.60702250 -20.80535956
34.60067030 -21.31374132
34.59306246 -21.87305643
34.58584886 -22.41086727
34.57822501 -22.96967456
34.57073241 -23.50748161
34.56372730 -24.01143303
34.55570884 -24.57131167
34.54790178 -25.10911424
34.53860502 -25.66837478
34.52976570 -26.21530345
34.52089405 -26.76423192
34.51209786 -27.30201920
34.50382240 -27.80595139
34.49437472 -28.36358494
