0.33164370 -0.00425580
0.66301938 -0.00600653
0.98574487 0.00560054
1.28869405 0.08366144
1.56642423 0.23083831
1.84316709 0.40653546
2.12688665 0.55505341
2.43004959 0.65342635
2.71963221 0.74150277
3.03661544 0.78571154
3.34559097 0.80787372
3.66776370 0.83098090
3.97597199 0.85308627
4.27985973 0.85655923
4.59870372 0.80760751
4.90421843 0.74939001
5.20203985 0.65221359
5.48297288 0.52601649
5.76027656 0.40144249
6.06129704 0.26621411
6.34133730 0.14041075
6.62137754 0.01460741
6.89868124 -0.10996661
7.17933636 -0.25955162
7.40735833 -0.45658458
7.59954625 -0.72711848
7.81265963 -0.96098185
8.09672401 -1.14442821
8.40784247 -1.24382295
8.70979586 -1.26816791
9.03156685 -1.28003951
9.33835558 -1.29137300
9.66313205 -1.30337175
10.00252155 -1.29056447
10.30744695 -1.23569544
10.60447979 -1.18192570
10.90951102 -1.12664373
11.22930191 -1.06868688
11.53630120 -1.01304830
11.87773946 -0.95116820
12.18178679 -0.89606462
12.49862579 -0.83864275
12.79665145 -0.78471892
13.09972937 -0.72987189
13.39788668 -0.67591571
13.69801200 -0.62160336
14.01683362 -0.56390763
14.33565528 -0.50621192
14.65644498 -0.44816005
14.96149035 -0.39295735
15.27641817 -0.35687517
15.59800343 -0.39558808
15.89921189 -0.46265568
