0.35763142 -0.00016982
0.66795549 0.00081468
0.97895547 0.00118315
1.29195528 0.00155404
1.64195513 0.00196872
2.01681401 0.00226193
2.33181391 0.00255423
2.64881385 0.00284838
2.95981376 0.00313698
3.27181365 0.00342650
3.58381359 0.00371599
3.88329100 0.03330133
4.18962060 0.14031095
4.45982515 0.29025630
4.74378929 0.42289001
5.05206014 0.48347395
5.37227340 0.48350059
5.68422973 0.47831967
5.99318630 0.47318920
6.29909455 0.46800609
6.61105047 0.46273919
6.93741706 0.44330196
7.24116534 0.37461396
7.53645871 0.30206593
7.82777416 0.21568900
8.09930704 0.07848666
8.38152663 -0.09700297
8.65631475 -0.28855251
8.91063093 -0.46583767
9.19690175 -0.66546500
9.45200198 -0.84335696
9.70464132 -1.01953282
9.99079627 -1.25127732
10.18093375 -1.49339635
10.44905793 -1.72966038
10.74153506 -1.87131890
11.03198695 -1.98523461
11.34814069 -2.10938233
11.66295289 -2.21698189
11.96755109 -2.25029561
12.30648618 -2.26522757
12.62519513 -2.20923846
12.91709305 -2.07541597
13.16560459 -1.87267022
13.45191678 -1.64565693
13.73351001 -1.49767699
14.04560908 -1.33706809
14.32303027 -1.19430429
14.60045144 -1.05154050
14.91166112 -0.89138882
15.18997149 -0.74816745
15.49049500 -0.61310418
15.80697284 -0.53588572
16.15107798 -0.52625947
16.46449499 -0.52204745
16.80099959 -0.52260115
17.12867573 -0.57668272
17.46679521 -0.71920932
17.74151664 -0.87387505
18.04602607 -1.01953432
18.36049698 -1.08490509
18.68207668 -1.06844552
19.00302639 -0.99023008
19.30462696 -0.91033035
19.59849569 -0.83250133
19.94977960 -0.76631702
20.31896554 -0.78660334
20.67068595 -0.84644286
20.97364808 -0.93916093
21.27215780 -1.02910991
21.60420430 -1.14993769
21.89836932 -1.35207751
22.11917600 -1.59663304
22.36329380 -1.80686404
22.65186735 -1.94758866
22.95597771 -2.01197142
23.26479794 -2.05618161
23.58354623 -2.10181018
23.89676155 -2.16225151
24.17854020 -2.27106602
24.48250591 -2.37785861
24.79054218 -2.42550292
25.13147902 -2.47131142
25.43078980 -2.51152673
25.73902048 -2.55294042
26.03734015 -2.59302266
26.34259752 -2.63403662
26.64686377 -2.67491699
26.95311222 -2.71606426
27.26233400 -2.75761062
