0.14102357 -0.00009543
0.24602361 -0.00011976
0.39202365 -0.00015356
0.52088308 -0.00027218
0.62588265 -0.00032252
0.75288269 -0.00038457
0.85788270 -0.00043586
0.98388269 -0.00049740
1.08888268 -0.00054869
1.21488268 -0.00061024
1.32154250 -0.00075759
1.43668667 0.00464284
1.57065178 0.02456879
1.70207425 0.05905701
1.79738059 0.08942353
1.91592221 0.13238760
2.04379182 0.17876100
2.14155969 0.21421911
2.26093197 0.25757030
2.38434930 0.30231696
2.51705223 0.34082251
2.63065939 0.36429295
2.78102407 0.37886669
2.90844060 0.38946253
3.01318802 0.39813036
3.13874060 0.40848654
3.24139445 0.41695565
3.37289543 0.42779066
3.51872443 0.43238747
3.63655682 0.42932451
3.74146943 0.42759014
3.87248993 0.42549438
4.00347078 0.42334167
4.10428747 0.41872735
4.21899504 0.40341657
4.35129768 0.37186840
4.46098036 0.33404793
4.59867232 0.27458529
4.71443281 0.21864870
4.82770252 0.16347035
4.92209528 0.11748261
5.03536692 0.06229664
5.12976001 0.01630823
5.23673886 -0.03581197
5.33742484 -0.08486627
5.44170673 -0.13567252
5.53609983 -0.18166092
5.66735118 -0.24560670
5.78152187 -0.30123077
5.87591496 -0.34721917
5.99008565 -0.40284325
6.08447875 -0.44883166
6.19775047 -0.50401776
6.32990082 -0.56840153
6.44407152 -0.62402560
6.53486868 -0.66826207
6.65173631 -0.72520010
6.78208867 -0.78870790
6.89895632 -0.84564594
7.01222804 -0.90083204
7.12549975 -0.95601814
7.21865156 -1.00127759
7.32427631 -1.04852459
7.43961833 -1.08665846
7.57343627 -1.11608500
7.71134423 -1.13347977
7.81556526 -1.14614333
7.93370549 -1.16039665
8.04687719 -1.17411198
8.17494041 -1.18962376
8.32087286 -1.20730004
8.44595786 -1.22245090
8.59189036 -1.24012687
8.72491729 -1.25623930
8.85000230 -1.27138978
8.95423984 -1.28401526
9.10017238 -1.30169110
9.22525741 -1.31684206
9.35034251 -1.33199280
9.45458005 -1.34461831
9.57966514 -1.35976894
9.68390271 -1.37239427
9.81196600 -1.38790532
9.95889141 -1.40570105
10.08521451 -1.42100053
10.20557289 -1.42999260
10.34167400 -1.42683324
10.46676008 -1.41040428
10.60182981 -1.38400934
10.72458088 -1.35576181
10.86783395 -1.32278752
10.99355517 -1.29389663
11.13681714 -1.26095577
11.26058760 -1.23249658
11.40287488 -1.19977975
11.53054344 -1.17042388
11.65333916 -1.14218845
11.75566893 -1.11865889
11.87846471 -1.09042337
12.00418424 -1.06151569
12.10651402 -1.03798621
12.22930986 -1.00975095
12.33163973 -0.98622167
12.45443543 -0.95798615
12.55481601 -0.93490472
12.66773803 -0.90604353
12.79551157 -0.86110612
12.89623325 -0.81425021
13.01333429 -0.74523441
13.12230500 -0.66408822
13.22147042 -0.57811519
13.31522274 -0.50920092
13.42269210 -0.44380170
13.51243847 -0.39333345
13.62382743 -0.33035182
13.75177436 -0.25797486
13.87974313 -0.18563671
13.98939872 -0.12357005
14.08078493 -0.07185775
14.19132682 -0.00933219
14.28271739 0.04236709
14.39412699 0.10539084
