0.11739980 -0.05386982
0.25739682 -0.05479114
0.39739382 -0.05571241
0.52880732 -0.05752933
0.68780461 -0.05832613
0.82880288 -0.05903313
0.92880164 -0.05953455
1.07612627 -0.06145234
1.21712240 -0.06243067
1.31712000 -0.06312459
1.41711761 -0.06381851
1.56143013 -0.06587651
1.70342453 -0.06710754
1.84341929 -0.06832126
1.94628012 -0.06929063
2.08826804 -0.07056248
2.22826251 -0.07181221
2.32825854 -0.07270486
2.45475367 -0.07250060
2.58367705 -0.06234778
2.72704787 -0.03479350
2.82866734 -0.01000496
2.93982780 0.02957237
3.07126339 0.07770379
3.16516507 0.11209510
3.30038144 0.16161749
3.43182396 0.20981495
3.56329292 0.25793961
3.65719704 0.29232128
3.75110083 0.32670311
3.84500443 0.36108520
3.97646946 0.40922021
4.10251851 0.44996184
4.22733587 0.48298576
4.37187243 0.50404538
4.48874244 0.50860860
4.60848714 0.50779952
4.74848234 0.50662045
4.84847889 0.50577847
4.96861784 0.50194745
5.12325713 0.50131372
5.22325658 0.50095863
5.36325574 0.50046154
5.46325512 0.50010648
5.60225427 0.49961296
5.70225365 0.49925791
5.84325279 0.49875729
5.94325217 0.49840224
6.08325130 0.49790517
6.18325069 0.49755012
6.32324983 0.49705305
6.42324921 0.49669799
6.54306783 0.49727813
6.65687347 0.48926249
6.78497890 0.47061929
6.91230752 0.43838274
7.05970471 0.38616465
7.19014118 0.33534748
7.32057758 0.28448669
7.41375080 0.24817152
7.54419344 0.19733074
7.63736676 0.16101595
7.76780939 0.11017540
7.86098274 0.07386073
7.99142535 0.02302001
8.08459863 -0.01329481
8.21504124 -0.06413555
8.30821445 -0.10045049
8.43865720 -0.15129092
8.56909995 -0.20213126
8.66227336 -0.23844571
8.75544680 -0.27476006
8.88588959 -0.32560031
8.97906294 -0.36191485
9.10950578 -0.41275500
9.20267914 -0.44906963
9.31287271 -0.49200581
9.41064002 -0.54082530
9.52355270 -0.60304833
9.64376425 -0.68765093
9.75374682 -0.78092647
9.85964173 -0.87553125
9.96404622 -0.96880363
10.03862085 -1.03542672
10.12622192 -1.10941760
10.23084282 -1.18430719
10.31887584 -1.23573739
10.44199253 -1.28832447
10.56911207 -1.33241558
10.69484809 -1.36161003
10.81524032 -1.37850077
10.92737679 -1.38643000
11.08489009 -1.39881350
11.22645270 -1.40994215
11.36602139 -1.42091432
11.50559017 -1.43188625
11.64515895 -1.44285797
11.78472773 -1.45382969
11.92188784 -1.46455698
12.05542144 -1.46599189
12.18451990 -1.45550827
12.31143211 -1.43184740
12.46126372 -1.39359514
12.59602986 -1.35577155
12.69231606 -1.32877043
12.82712911 -1.29101084
12.96193574 -1.25323179
13.05822596 -1.22624641
13.19399516 -1.18819698
13.29028537 -1.16121155
13.38657556 -1.13422612
13.52138189 -1.09644648
13.61767210 -1.06946107
13.75247842 -1.03168152
13.84876880 -1.00469637
13.98357509 -0.96691679
14.11838134 -0.92913703
14.21563437 -0.90188165
14.35140348 -0.86383200
14.47850649 -0.82821105
14.58249986 -0.79906662
14.71730606 -0.76128682
14.81359638 -0.73430152
14.93034366 -0.70157193
15.04458773 -0.66967838
15.17940352 -0.63193300
15.27570049 -0.60497196
15.39053777 -0.57280629
15.49129739 -0.54471559
15.58760124 -0.51777922
15.68390512 -0.49084280
15.78020898 -0.46390639
15.91503439 -0.42619540
16.01133825 -0.39925899
16.14616364 -0.36154800
16.24246749 -0.33461159
16.37632985 -0.29716997
16.47359674 -0.26996419
16.60842214 -0.23225321
16.70472600 -0.20531680
16.80102987 -0.17838039
16.93585527 -0.14066941
17.07068067 -0.10295843
17.16698452 -0.07602202
17.30180991 -0.03831104
17.39811377 -0.01137462
17.53293917 0.02633635
17.66776458 0.06404732
17.76406844 0.09098373
17.90178296 0.12950279
18.03660836 0.16721377
18.13291222 0.19415018
18.25329203 0.22782070
18.35055892 0.25502647
18.44782582 0.28223224
18.58265123 0.31994320
18.70110498 0.35307498
18.79740884 0.38001139
18.93223425 0.41772236
19.06705965 0.45543333
19.20188504 0.49314430
19.29818890 0.52008071
19.39449275 0.54701711
19.53220728 0.58553616
19.64777192 0.61785984
19.74407578 0.64479625
19.84037964 0.67173265
19.93668350 0.69866905
20.07150890 0.73638002
20.20537126 0.77382162
20.33923362 0.81126322
20.47405903 0.84897418
20.60984748 0.88695450
20.74178378 0.92385736
20.86216361 0.95752786
20.95846746 0.98446426
21.05831693 1.01142794
21.19308291 1.04935008
21.32784897 1.08727261
21.42411044 1.11436013
21.55795972 1.14287780
21.67714523 1.15910707
21.81375582 1.16344290
21.95103335 1.15596693
22.09061894 1.14520838
22.22920821 1.13452738
22.36979154 1.12369277
22.50838077 1.11301185
22.63002024 1.10363723
22.72972473 1.09595312
22.82942921 1.08826900
22.95695373 1.07668210
23.08445491 1.05558282
23.20901977 1.02159556
23.32675437 0.97718741
23.42100086 0.93781108
23.54207805 0.88276938
23.63948864 0.83849485
23.75361323 0.78663484
23.86511879 0.73475989
23.99246928 0.67660683
24.08343412 0.63506888
24.17439896 0.59353093
24.28807262 0.54745671
24.40499271 0.50993723
24.54704881 0.48083244
24.67905456 0.46849622
24.82493296 0.47046926
24.95536055 0.48714624
25.08096868 0.51633100
25.20278501 0.55801202
25.33511879 0.62013837
25.44789534 0.68446438
25.53281318 0.73730940
25.61769238 0.79018633
25.73652013 0.86421437
25.85619607 0.93877123
25.94107256 0.99164844
26.05989966 1.06567655
26.17957542 1.14023353
26.26445187 1.19311080
26.38327902 1.26713876
26.46815553 1.32001592
26.58698262 1.39404402
26.70580970 1.46807213
26.79068619 1.52094934
26.87556269 1.57382656
26.99438979 1.64785467
27.10794177 1.71764816
27.22237308 1.77524939
27.34281676 1.82140331
27.46365046 1.85508295
27.57115665 1.87695180
27.66995861 1.89791918
27.80690502 1.92699820
27.94452522 1.95735137
28.07474816 1.97248601
28.20390468 1.97415706
28.31941713 1.96984952
28.42629554 1.95412761
28.56466087 1.93293431
28.66351283 1.91781817
28.76236465 1.90270423
28.89780088 1.88206008
28.99961347 1.86645979
29.13800402 1.84528828
29.27639434 1.82411701
29.37524458 1.80899461
29.51363488 1.78782324
29.61248514 1.77270076
29.75087536 1.75152902
29.84972562 1.73640657
29.98730616 1.71438707
30.10589345 1.69603688
30.20471735 1.68074518
30.30354129 1.66545348
30.44189480 1.64404511
30.58024831 1.62263675
30.69883703 1.60428671
30.81841399 1.58578377
30.91723793 1.57049207
31.01606186 1.55520038
31.11488579 1.53990869
31.21370973 1.52461700
31.34915154 1.49781686
31.47439388 1.46496882
31.59477443 1.41977847
31.70112209 1.36905851
31.82796269 1.29191661
31.92989184 1.21283875
32.01030738 1.13718823
32.10600229 1.02698271
32.16991155 0.93614081
32.23019403 0.83104748
32.27941341 0.72236040
32.32065072 0.60068390
32.34911191 0.47634861
32.36353316 0.36624777
32.36804134 0.23786667
32.35944749 0.10969600
32.33744094 -0.01872387
32.30802049 -0.12674392
32.26983774 -0.23003474
32.20418356 -0.36834358
32.14933736 -0.47618750
32.08552571 -0.60191736
32.03071428 -0.70979087
31.98496735 -0.79983594
31.92970928 -0.90860361
31.86992147 -1.02628631
31.81194546 -1.14040298
31.74853480 -1.26521836
31.69373083 -1.37309521
31.64662738 -1.46581604
31.58367156 -1.58974088
31.52796179 -1.69940053
31.46455292 -1.82421676
31.40114366 -1.94903268
31.33773445 -2.07384864
31.26618346 -2.21471715
31.20186369 -2.34131436
31.13845541 -2.46613119
31.07504705 -2.59094789
31.01163890 -2.71576454
30.95486991 -2.82752816
30.90826806 -2.92034307
30.86372310 -3.04123454
30.83478078 -3.15155147
30.81617301 -3.25330106
30.79715994 -3.39201763
30.78094733 -3.51091002
30.76738113 -3.60998557
30.75216443 -3.73198244
30.74537247 -3.86059619
30.75047888 -3.97344174
30.76569685 -4.11312236
30.77520598 -4.24206538
30.77195377 -4.37051508
30.75759765 -4.48973210
30.73430430 -4.59866928
30.69594675 -4.72179933
30.64579534 -4.84017125
30.57709951 -4.96623921
30.50498177 -5.07118913
30.42219056 -5.16886585
30.32962366 -5.25780056
30.22838173 -5.33689109
30.11958916 -5.40525635
30.00121441 -5.46432544
29.87086539 -5.52936195
29.76120355 -5.59760556
29.65915481 -5.67677236
29.55756879 -5.76270317
29.45247189 -5.83841839
29.34105349 -5.90254104
29.22371910 -5.95498159
29.08392584 -5.99989737
28.95804633 -6.02560829
28.83706095 -6.03927457
28.72966205 -6.04672674
28.60210655 -6.06819834
28.47746687 -6.10303966
28.37508469 -6.14248146
28.25830509 -6.20222546
28.14944854 -6.27248001
28.04006930 -6.36049727
27.93108924 -6.45914956
27.82853027 -6.55735523
27.72742495 -6.65419315
27.62021164 -6.75814736
27.52357202 -6.85097619
27.44640573 -6.92510032
27.34399828 -7.02347066
27.24159085 -7.12184099
27.16947295 -7.19111588
27.06850788 -7.28810071
26.99638997 -7.35737560
26.89833828 -7.45141672
26.82620276 -7.52067329
26.72521310 -7.61763256
26.63729504 -7.70056049
26.54768849 -7.77392044
26.44391614 -7.84948668
26.31675790 -7.92252763
26.20414430 -7.97347654
26.07494066 -8.04397661
25.96842889 -8.11753160
25.87004450 -8.20158692
25.78102891 -8.29500010
25.70210314 -8.39674884
25.63398739 -8.50600432
25.57776287 -8.62078911
25.53852380 -8.72490624
25.50520473 -8.84733418
25.48615309 -8.95787993
25.47652318 -9.08622704
25.47874592 -9.19653612
25.49384270 -9.32620080
25.52180020 -9.45183097
25.56244434 -9.57394906
25.61619186 -9.69291379
25.68097381 -9.80413599
25.75678090 -9.90816100
25.84281529 -10.00390001
25.92332294 -10.07786470
26.02625645 -10.17275400
26.12919327 -10.26764341
26.22661131 -10.35713927
26.31515131 -10.43898091
26.41802581 -10.53393799
26.49150764 -10.60176444
26.59438219 -10.69672144
26.69725675 -10.79167845
26.77294303 -10.86153967
26.87581758 -10.95649667
26.97869213 -11.05145367
27.05217395 -11.11928010
27.15504850 -11.21423710
27.25792305 -11.30919410
27.33140488 -11.37702054
27.40488670 -11.44484697
27.50776126 -11.53980397
27.61063581 -11.63476097
27.68411763 -11.70258740
27.78699218 -11.79754440
27.88986673 -11.89250140
27.96334855 -11.96032783
28.06622311 -12.05528484
28.16909767 -12.15024184
28.24257949 -12.21806827
28.34545405 -12.31302527
28.41893587 -12.38085170
28.52181042 -12.47580870
28.62468496 -12.57076570
28.69816679 -12.63859213
28.80104134 -12.73354914
28.90391590 -12.82850614
28.97886736 -12.89768910
29.08247673 -12.99332437
29.15595855 -13.06115080
29.24413674 -13.14254251
29.31761856 -13.21036894
29.39110038 -13.27819537
29.46458220 -13.34602180
29.56745676 -13.44097880
29.67033132 -13.53593581
29.74381314 -13.60376224
29.81729497 -13.67158867
29.89077679 -13.73941510
29.96725338 -13.81114446
30.05298606 -13.90583686
30.12937299 -14.01001163
30.20187418 -14.13574131
30.25427012 -14.25504357
30.29357121 -14.37733844
30.32019844 -14.50300732
30.33387651 -14.63073651
30.33359023 -14.77569383
30.32182727 -14.88794894
30.29627353 -15.01383947
30.25802897 -15.13647378
30.20749199 -15.25457742
30.14518823 -15.36692252
30.06041186 -15.48676972
29.96715646 -15.59707859
29.87714384 -15.70430610
29.78713126 -15.81153362
29.69711870 -15.91876113
29.63282401 -15.99535221
29.54281144 -16.10257973
29.47851675 -16.17917081
29.38850418 -16.28639833
29.32420950 -16.36298942
29.23226809 -16.47251466
29.14225553 -16.57974218
29.07796084 -16.65633326
28.98794827 -16.76356077
28.89793571 -16.87078829
28.80792314 -16.97801581
28.71791057 -17.08524333
28.62789801 -17.19247084
28.55379105 -17.28076933
28.45904785 -17.37920921
28.34946290 -17.47433178
28.24222476 -17.54849393
28.13791085 -17.61268508
28.02088262 -17.70075063
27.92709250 -17.78918388
27.84576684 -17.88523514
27.77147327 -17.99186613
27.70912026 -18.10545612
27.65641026 -18.23027761
27.61885640 -18.35341247
27.59183521 -18.49614970
27.58174525 -18.62632293
27.58506252 -18.75499749
27.60151233 -18.88265454
27.63091955 -19.00796013
27.67290883 -19.12714247
27.73320093 -19.25391602
27.79914868 -19.36442460
27.87611326 -19.46761938
27.94372053 -19.54151648
28.03668736 -19.64619483
28.10309211 -19.72096395
28.19539470 -19.82489286
28.26511968 -19.90340031
28.35808631 -20.00807690
28.43910009 -20.09929506
28.53206673 -20.20397163
28.60378386 -20.28472214
28.69741454 -20.39014642
28.78971712 -20.49407533
28.88401184 -20.60024731
28.97697846 -20.70492391
29.06994509 -20.80960049
29.15846170 -20.90924594
